https://archiveofourown.org/works?utf8=%E2%9C%93&commit=Sort+and+Filter&work_search%5Bsort_column%5D=created_at&work_search%5Bother_tag_names%5D=&work_search%5Bexcluded_tag_names%5D=&work_search%5Bcrossover%5D=&work_search%5Bcomplete%5D=&work_search%5Bwords_from%5D=&work_search%5Bwords_to%5D=&work_search%5Bdate_from%5D=&work_search%5Bdate_to%5D=&work_search%5Bquery%5D=&work_search%5Blanguage_id%5D=&tag_id=The+Mandalorian+%28TV%29&page=1
21727807
21725146
21722272
21720775
21720037
21716695
21716542
21714583
21713155
21711472
21711505
21710509
21709720
21708217
21705841
21702517
21701293
21701062
21701056
21700765
21700171
21696880
21696559
21690988
21690334
21689839
21687523
21686521
21686470
21684760
21683920
21683017
21682330
21680374
21680311
21679798
21679579
21678760
21678601
21677752
21677503
21677431
21676636
21674389
21672763
21672289
21672091
21670924
21670366
21668869
21668761
21667795
21666931
21666787
21666355
21665947
21665617
21662917
21661918
21661462
